"sample"	"count"	"count_mapped"	"mapped"	"mapped_on_genes"	"percent_mapped_on_genes"	"protein_coding"	"percent_protein_coding"	"LD401"	"percent_LD401"	"other"	"percent_other"	"values"	"mapped_on_genes_norm"	"LD401_norm"	"protein_coding_norm"	"Other_norm"
"2_401_Inp_10_11_S1"	36262280	33916110.484	"93.53%"	20617180	"56.86%"	6392715	31.0067380699009	13013052	63.1175165565805	1211413	5.87574537351859	0.918197862260883	22453962	14172383	6962241	1319338
"2_567_Elu_10_16_S8"	35418494	33544855.6674	"94.71%"	22043217	"62.24%"	6029600	27.3535391862268	14714231	66.7517404560324	1299386	5.89472035774089	0.936505507162333	23537733	15711847	6438403	1387484
"3_401_Sup_10_11_S2"	37570245	32073718.1565	"85.37%"	5063319	"13.48%"	2128092	42.0295857322045	1637615	32.3427182841926	1297612	25.6276959836028	0.281246951590765	18003107	5822694	7566631	4613782
"4_401_Elu_10_11_S3"	35015415	32858465.436	"93.84%"	21605066	"61.7%"	6906457	31.9668405548958	13432501	62.1729227765377	1266108	5.86023666856653	1.02828463021983	21010784	13063018	6716484	1231282
"4_624_Elu_10_16_S9"	45300793	42387952.0101	"93.57%"	26199422	"57.83%"	7319973	27.939444618282	17721588	67.6411410908225	1157861	4.41941429089542	1.03432372978495	25330002	17133502	7077062	1119438
"6_401_Inp_10_12_S4"	38871411	35652858.1692	"91.72%"	18306310	"47.09%"	6417344	35.0553661551673	10512268	57.4242870354539	1376698	7.52034680937884	0.947241064610484	19325925	11097775	6774774	1453377
"6_567_Elu_10_10_S7"	37146269	34939780.6214	"94.06%"	23183388	"62.41%"	6155620	26.5518568726883	15715746	67.7888236180148	1312022	5.65931950929691	0.953673182138929	24309573	16479174	6454643	1375756
"7_401_Sup_10_12_S5"	33039766	28153184.6086	"85.21%"	5088741	"15.4%"	2055150	40.3862173374514	1917648	37.6841344450425	1115943	21.9296482175061	0.308245275223158	16508740	6221176	6667255	3620309
"8_401_Elu_10_12_S6"	35848170	33686525.349	"93.97%"	21254286	"59.29%"	7510152	35.3347649504669	12393441	58.3103144466956	1350693	6.35492060283747	1.14062375768867	18633915	10865494	6584250	1184170
